%YAML:1.0
---
image_width: 4032
image_height: 2268
camera_matrix: !!opencv-matrix
   rows: 3
   cols: 3
   dt: d
   data: [ 3.5311211338668331e+03, 0., 1.8642495845712867e+03, 0.,
       3.5179213687172219e+03, 1.2272290833659217e+03, 0., 0., 1. ]
distortion_coefficients: !!opencv-matrix
   rows: 1
   cols: 5
   dt: d
   data: [ -1.3734521891402049e-01, 2.1543928211015202e-02,
       -1.1426610381805711e-02, 1.9985431801281636e-02,
       1.0665156871662675e-02 ]
avg_reprojection_error: 7.3920676606696354e+00
